5
7
16
48
28
87
78
92
7
86
0
14
57
83
44
70
51
28
59
21
35
25
73
30
64
82
23
15
34
73
0
38
75
39
13
33
35
0
45
56
83
13
18
10
99
63
56
62
60
60
26
35
55
44
43
66
56
84
6
42
28
63
22
9
78
41
74
4
9
51
99
39
43
87
98
41
31
99
18
33
7
9
98
41
62
25
50
66
47
100
52
22
12
6
52
68
69
72
27
31
41
38
3
92
46
5
31
25
5
76
67
48
35
41
92
71
95
64
31
47
99
83
23
8
40
72
87
58
87
66
62
23
77
95
18
59
25
24
62
82
35
68
13
14
48
5
46
35
59
7
71
17
54
52
75
100
21
78
99
30
44
57
22
81
53
22
97
35
92
12
82
9
46
81
47
52
88
68
83
63
70
69
84
90
92
73
20
98
63
79
67
33
100
7
49
60
71
56
96
22
22
52
43
41
31
8
52
62
26
4
72
65
41
27
94
63
75
67
26
24
72
42
79
4
60
56
35
5
2
63
66
94
74
77
45
53
65
61
67
65
91
48
64
25
54
74
53
66
0
90
57
59
12
67
46
53
3
43
42
56
26
36
48
6
95
60
16
72
42
22
27
14
38
16
34
18
16
95
59
98
15
70
79
81
37
65
39
61
81
59
33
45
72
34
47
95
70
13
12
77
33
56
49
96
63
13
83
1
3
7
51
58
65
61
85
37
45
89
100
74
43
46
63
16
35
49
47
23
79
45
72
22
69
92
5
37
85
31
34
29
78
52
12
47
67
55
74
3
0
5
74
76
100
59
85
37
2
70
47
39
26
41
100
22
56
57
90
67
94
19
7
89
1
31
7
66
6
86
31
34
10
98
61
4
62
68
90
50
85
80
50
35
9
40
75
74
67
30
84
42
56
88
81
84
23
72
43
67
25
44
22
57
2
17
48
41
46
42
39
78
65
85
53
96
31
23
10
40
77
27
37
67
56
7
43
69
50
30
44
47
16
21
53
64
71
14
36
60
33
62
96
59
46
7
43
57
31
37
46
69
50
9
54
50
75
23
68
95
72
58
72
90
70
83
95
40
74
59
28
69
71
71
63
83
0
20
43
31
62
88
74
84
1
92
74
2
11
11
11
22
36
57
57
37
79
12
43
28
22
87
86
50
53
39
6
22
48
89
94
56
17
40
98
91
72
25
82
36
62
92
74
60
33
67
23
9
55
43
95
29
13
31
51
21
23
100
5
35
67
67
52
100
92
26
24
73
60
78
57
39
3
73
66
29
89
18
51
35
13
25
72
97
30
48
35
69
94
93
60
94
76
20
11
13
75
89
34
99
23
89
4
25
33
57
58
27
28
55
58
85
13
29
42
46
0
23
36
35
79
85
25
46
80
21
21
43
61
97
57
55
24
60
100
34
25
83
22
98
27
18
53
34
6
47
28
22
55
80
61
54
48
26
3
97
30
25
24
11
79
6
2
62
75
35
99
39
41
49
70
100
94
44
37
70
60
96
37
9
6
35
55
24
59
99
30
90
1
75
5
84
4
24
18
72
26
89
77
27
89
9
71
80
18
56
17
14
35
38
60
90
27
15
6
67
42
36
65
69
0
43
27
43
24
63
74
65
24
71
19
44
2
32
57
69
17
42
55
13
75
72
96
53
30
26
24
72
83
90
64
57
77
34
42
65
75
65
63
68
18
54
0
92
14
39
85
34
98
89
52
15
27
99
40
14
22
91
22
42
78
16
90
31
75
100
87
99
86
88
53
70
88
83
26
23
0
69
65
62
92
89
90
83
56
31
58
41
5
32
36
45
84
36
96
8
35
85
14
24
74
29
55
80
29
89
87
29
88
41
65
19
40
55
76
6
38
29
29
25
20
90
90
64
50
49
53
57
28
47
55
97
91
27
27
14
52
77
6
58
100
52
62
90
62
46
7
20
16
46
29
11
24
96
12
15
75
30
88
26
12
42
90
12
56
4
67
21
87
56
0
45
91
78
59
15
34
42
41
17
57
84
53
75
78
66
15
25
21
13
27
21
51
80
8
14
42
24
97
98
47
45
59
83
27
28
80
31
82
27
41
26
21
21
39
83
31
72
64
29
0
42
40
71
68
61
40
84
25
68
78
19
37
34
8
13
83
24
66
42
71
44
58
26
31
92
45
16
67
26
12
82
9
25
91
55
26
69
95
63
15
20
51
64
70
4
73
66
11
68
23
64
58
100
54
17
56
72
77
37
30
13
2
79
95
41
84
39
76
30
3
58
